1	1.466973
2	1.574724
3	1.489440
4	1.568457
5	1.302136
6	1.367265
7	1.023283
8	1.230498
9	1.303112
10	1.466356
11	1.274963
12	1.335659
13	1.374468
14	1.262722
15	1.371675
16	1.294515
17	1.169436
18	1.037818
19	1.260025
20	1.248704
21	1.134042
22	1.155973
23	1.009371
24	1.209685
25	1.150888
26	1.015678
27	1.112940
28	1.052472
29	1.108641
30	0.883985
31	0.966974
32	1.287068
33	1.096273
34	1.058504
35	1.102725
36	1.081247
37	1.269024
38	1.090123
39	0.878751
40	1.000823
41	1.218976
42	1.231564
43	0.902637
44	1.073427
45	0.940956
46	1.068270
47	1.129353
48	0.908425
49	1.198567
50	0.954154
51	1.195168
52	1.099228
53	0.954047
54	1.084964
55	1.104562
56	0.933084
57	0.878346
58	1.127617
59	0.815592
60	0.970793
61	1.129615
62	1.038647
63	1.237619
64	0.846741
65	1.059629
66	1.133837
67	0.804091
68	1.083702
69	1.123849
70	1.068593
71	1.153383
72	1.174103
73	0.921389
74	0.950007
75	0.908311
76	1.068079
77	1.095473
78	0.859784
79	0.951804
80	1.024913
81	0.970546
82	0.917959
83	1.021263
84	1.242441
85	1.048482
86	1.088215
87	1.188712
88	0.991805
89	0.885253
90	1.097274
91	0.849139
92	1.028462
93	0.955948
94	0.967388
95	1.040541
96	0.838851
97	0.878564
98	1.003564
99	0.900018
100	0.849387
101	1.244380
102	0.887535
103	1.120198
104	1.104021
105	0.980655
106	1.030157
107	1.079794
108	0.837508
109	1.084756
110	0.778532
111	1.039601
112	1.016214
113	1.084770
114	1.119911
115	0.905234
116	1.163544
117	0.886292
118	0.981471
119	1.140932
120	1.010037
121	0.948858
122	1.019045
123	0.971000
124	1.000256
125	1.190668
126	1.017724
127	1.078649
128	0.951466
129	0.945157
130	0.857647
131	0.941342
132	0.861533
133	0.968342
134	0.979969
135	1.067051
136	1.038221
137	0.838137
138	1.076167
139	0.945047
140	0.847745
141	1.096211
142	1.099758
143	1.006800
144	1.203583
145	1.050424
146	1.031373
147	1.015888
148	0.998573
149	0.914584
150	1.107989
151	1.104468
152	1.108425
153	1.108099
154	1.107564
155	1.156611
156	0.839253
157	0.922140
158	1.139970
159	0.944021
160	0.999537
161	1.109213
162	0.974658
163	1.007213
164	0.954160
165	0.872403
166	0.982086
167	0.720280
168	1.019681
169	1.137221
170	0.903255
171	1.065136
172	1.000012
173	0.998559
174	0.994270
175	1.085068
176	1.041035
177	0.950818
178	1.005693
179	1.080472
180	1.013013
181	0.869016
182	0.883042
183	1.003396
184	1.160628
185	1.055629
186	1.127260
187	0.961651
188	1.085545
189	1.158417
190	0.912402
191	1.261953
192	1.178322
193	1.065386
194	1.011299
195	1.022344
196	0.854717
197	0.953245
198	0.826696
199	0.791575
200	0.978638
201	1.012611
202	1.129226
203	1.086807
204	0.978451
205	1.160655
206	1.031229
207	0.988537
208	1.021907
209	1.060500
210	0.853812
211	1.134898
212	1.026067
213	1.148451
214	1.344371
215	0.864414
216	0.921703
217	1.123884
218	0.885414
219	0.977931
220	1.138024
221	0.992497
222	1.015436
223	1.002744
224	0.989585
225	1.084178
226	0.823955
227	0.975103
228	1.185733
229	0.940037
230	1.192095
231	1.051525
232	1.204947
233	1.134395
234	1.147361
235	1.129749
236	1.060811
237	1.001145
238	1.056961
239	0.801187
240	1.103298
241	0.925536
242	0.995049
243	0.959040
244	1.038986
245	1.087600
246	1.059831
247	0.920836
248	1.118293
249	0.851821
250	0.955738
251	0.825705
252	0.901652
253	0.859561
254	0.992079
255	1.187337
256	1.213493
257	1.091001
258	1.061389
259	0.929312
260	1.034192
261	1.113822
262	0.915389
263	0.867503
264	0.832234
265	1.158615
266	1.087116
267	1.070569
268	1.187962
269	1.066293
270	1.016284
271	1.030304
272	0.949000
273	1.129630
274	1.167561
275	0.961340
276	0.956216
277	0.964160
278	0.884314
279	0.983129
280	0.936699
281	0.813878
282	0.907561
283	0.944267
284	0.868088
285	0.881864
286	0.973562
287	0.995259
288	0.941422
289	1.014332
290	1.035151
291	1.021936
292	1.098344
293	0.894565
294	0.824557
295	1.068075
296	0.947877
297	0.898686
298	0.881916
299	0.899998
300	1.131357
301	1.053811
302	1.101153
303	0.873764
304	1.218848
305	1.010595
306	0.916053
307	1.068020
308	1.197144
309	0.811791
310	1.017712
311	1.041279
312	0.865938
313	1.022714
314	0.965467
315	1.054342
316	0.972098
317	0.945266
318	1.044398
319	0.995418
320	0.925093
321	0.901445
322	0.957898
323	1.060556
324	1.058850
325	1.002675
326	1.030571
327	0.937093
328	0.972691
329	0.905472
330	1.066385
331	0.872293
332	0.874432
333	1.056125
334	0.878608
335	0.961171
336	0.866583
337	0.918955
338	1.136688
339	0.926286
340	0.990871
341	1.050412
342	0.979642
343	1.063241
344	1.140349
345	0.933568
346	0.937440
347	0.874656
348	0.876056
349	1.058852
350	0.993216
351	0.956940
352	0.876423
353	0.953446
354	0.753262
355	1.206229
356	0.877329
357	0.841458
358	0.877436
359	1.064915
360	1.094240
361	0.873896
362	0.901588
363	1.077925
364	1.037724
365	1.000115
366	1.116375
367	1.109303
368	0.999218
369	1.198458
370	1.124752
371	1.059237
372	0.958496
373	1.084484
374	0.924336
375	1.010962
376	1.000606
377	0.890207
378	0.923655
379	0.949152
380	0.968850
381	1.004462
382	1.099722
383	1.083039
384	0.893192
385	0.758492
386	1.055000
387	1.007859
388	1.031049
389	1.076335
390	1.009833
391	0.911336
392	1.180629
393	0.939148
394	1.126066
395	0.963342
396	1.021068
397	0.955167
398	1.088845
399	0.919658
400	0.997755
401	1.036593
402	0.971865
403	1.331052
404	1.094886
405	1.197774
406	1.226766
407	1.190343
408	1.075988
409	1.186246
410	1.274052
411	1.062783
412	1.078440
413	0.860816
414	1.131191
415	1.121812
416	1.162461
417	0.909085
418	1.050759
419	1.109402
420	1.004280
421	0.930175
422	0.954565
423	1.132425
424	0.790909
425	1.067347
426	1.119898
427	0.927887
428	0.982457
429	0.988380
430	0.954798
431	1.082718
432	0.896747
433	1.099114
434	1.004358
435	1.204571
436	0.821751
437	0.987639
438	1.066187
439	0.828047
440	0.830027
441	1.039003
442	1.237179
443	0.934438
444	1.220767
445	1.096333
446	1.145395
447	0.988610
448	1.002724
449	0.806619
450	0.858759
451	1.102045
452	0.872939
453	1.002442
454	0.977360
455	1.074627
456	0.799403
457	1.195687
458	0.884308
459	0.967241
460	1.090184
461	0.840490
462	0.847044
463	1.140020
464	0.871834
465	1.031429
466	0.957838
467	1.027271
468	1.122884
469	1.018721
470	1.041093
471	1.022425
472	0.792640
473	0.860890
474	1.093100
475	1.060260
476	0.924380
477	0.859902
478	0.957772
479	0.919540
480	1.035183
481	0.844185
482	0.891509
483	0.963333
484	0.998651
485	0.899095
486	1.043473
487	1.095357
488	0.966921
489	1.042812
490	0.854361
491	1.076277
492	0.989304
493	0.976373
494	0.959442
495	1.130732
496	0.923781
497	0.918772
498	0.945419
499	1.057732
500	1.142019
501	1.037507
502	1.194539
503	1.067782
504	0.960689
505	0.940687
506	1.086483
507	0.798904
508	0.995863
509	0.848554
510	0.875692
511	0.766449
512	0.772215
513	0.831719
514	0.748060
515	0.961563
516	0.932735
517	0.890793
518	1.186224
519	0.725539
520	1.003098
521	0.961007
522	0.986726
523	1.001182
524	0.823743
525	1.085792
526	0.971600
527	0.908247
528	1.124733
529	1.102333
530	0.831035
531	1.102079
532	0.731091
533	0.994989
534	0.930300
535	0.984323
536	1.082724
537	0.980713
538	0.864761
539	1.001085
540	0.938848
541	1.219447
542	1.130500
543	1.086064
544	0.870648
545	0.854489
546	1.041205
547	0.936225
548	0.924497
549	0.849543
550	1.111781
551	1.195782
552	0.931504
553	1.072736
554	1.005065
555	0.963994
556	1.015459
557	0.987727
558	0.949278
559	0.940495
560	1.043155
561	1.092913
562	0.854803
563	1.247513
564	0.945719
565	0.970489
566	0.845021
567	1.174325
568	0.902925
569	0.914190
570	1.133356
571	0.960745
572	0.955609
573	1.113555
574	0.980731
575	0.852142
576	0.891290
577	0.975969
578	0.851213
579	1.059320
580	0.854215
581	0.985667
582	0.906060
583	0.870122
584	0.970149
585	0.877549
586	1.090796
587	0.940477
588	1.059735
589	0.983522
590	1.122945
591	1.027016
592	0.871561
593	0.922229
594	1.264616
595	0.908512
596	0.993532
597	0.948217
598	0.981939
599	0.967845
600	0.847253
601	1.057981
602	0.889257
603	0.998546
604	1.007441
605	0.976230
606	0.930642
607	1.040824
608	1.152146
609	0.964561
610	1.090693
611	0.946278
612	0.974832
613	1.030720
614	0.928897
615	1.043252
616	1.039041
617	1.115569
618	0.855701
619	0.858918
620	0.875825
621	1.129095
622	1.047810
623	1.032964
624	0.881638
625	0.988776
626	1.027177
627	0.832090
628	1.010111
629	1.047318
630	1.228712
631	1.011934
632	0.800337
633	1.083369
634	0.914584
635	0.923636
636	0.973587
637	0.882690
638	0.792960
639	1.060458
640	0.973382
641	1.159521
642	1.040873
643	1.005194
644	0.977287
645	1.104355
646	0.818977
647	1.028919
648	0.994131
649	0.713637
650	0.900000
651	1.104702
652	0.950536
653	0.761738
654	0.870102
655	0.887722
656	0.907698
657	1.028940
658	0.955534
659	0.985984
660	1.016316
661	0.798930
662	0.985725
663	0.909016
664	0.801968
665	0.926968
666	1.018011
667	1.190271
668	0.800125
669	1.058428
670	1.087965
671	0.911106
672	1.168624
673	1.034742
674	0.908878
675	0.874853
676	0.682727
677	0.978148
678	0.998676
679	1.058315
680	0.953080
681	1.131136
682	1.044108
683	0.963638
684	1.128473
685	0.920639
686	0.938789
687	0.947210
688	0.829417
689	1.081773
690	1.019532
691	0.871525
692	1.028542
693	1.059664
694	0.936189
695	0.993037
696	0.955737
697	1.125758
698	1.139206
699	1.322335
700	1.350727
701	1.555811
702	1.158769
703	1.121027
704	1.626979
705	1.346650
706	1.507803
707	1.217976
708	1.527956
709	1.524009
710	1.752690
711	1.868845
712	1.738251
713	1.701275
714	1.379433
715	1.750690
716	2.069772
717	2.273216
718	2.092710
719	1.760656
720	1.920576
721	1.750231
722	1.753042
723	1.790516
724	1.783573
725	1.592087
726	1.757122
727	1.695363
728	1.834106
729	1.687637
730	1.693238
731	1.671704
732	1.583438
733	1.709045
734	1.838918
735	2.092628
736	2.313938
737	2.027592
738	2.544725
739	2.753464
740	3.103438
741	3.360592
742	3.636184
743	4.285518
744	4.695030
745	4.865367
746	5.703641
747	5.639473
748	5.877972
749	6.398315
750	7.481446
751	6.997287
752	7.384178
753	8.178753
754	8.397010
755	7.980720
756	8.856627
757	8.780796
758	8.881623
759	8.597405
760	8.765668
761	8.688001
762	8.691490
763	8.854606
764	8.842645
765	8.419622
766	8.571742
767	8.635842
768	8.067407
769	8.370523
770	8.117469
771	8.134896
772	8.059170
773	7.953038
774	8.017732
775	8.304657
776	7.696594
777	7.586414
778	7.455727
779	7.781238
780	7.929230
781	7.904197
782	7.971955
783	7.601663
784	8.194667
785	7.914565
786	7.862543
787	7.738370
788	8.007631
789	8.515635
790	8.025967
791	8.183879
792	8.150043
793	8.091471
794	7.821433
795	7.763461
796	7.452992
797	7.865590
798	7.967503
799	7.752847
800	7.773172
801	7.567192
802	8.002561
803	7.545284
804	7.669305
805	7.397315
806	7.229418
807	7.510568
808	7.487949
809	7.888570
810	7.428712
811	7.659803
812	7.367671
813	7.495675
814	7.295948
815	7.497995
816	7.180872
817	7.474167
818	7.588440
819	7.414251
820	7.421169
821	7.410276
822	7.801625
823	7.318365
824	7.623130
825	7.469571
826	7.479004
827	7.833279
828	7.616834
829	7.715758
830	8.006536
831	7.823995
832	7.515224
833	7.479299
834	7.927999
835	7.523424
836	7.495123
837	7.652640
838	7.228761
839	7.490780
840	7.921683
841	7.079404
842	7.889450
843	7.234461
844	7.210913
845	7.703352
846	7.360058
847	7.710803
848	7.303386
849	7.329416
850	7.196063
851	7.788660
852	7.428907
853	7.548406
854	7.588808
855	7.600303
856	7.752842
857	7.843951
858	7.460865
859	7.557911
860	7.757871
861	7.931194
862	7.467300
863	7.805400
864	8.024434
865	7.281096
866	7.795020
867	7.816676
868	7.484599
869	7.430933
870	7.881993
871	7.744450
872	7.364792
873	7.524404
874	7.134190
875	7.029686
876	7.296492
877	7.245936
878	7.139494
879	7.088260
880	7.642177
881	7.256699
882	7.242136
883	6.798917
884	7.217846
885	7.385626
886	6.944092
887	7.091289
888	6.938148
889	7.147717
890	7.135238
891	7.283008
892	6.689931
893	6.820515
894	7.018682
895	7.083786
896	7.012931
897	7.096797
898	7.007981
899	7.285347
900	6.849586
901	6.762720
902	6.907775
903	7.439373
904	7.488380
905	7.341620
906	7.605946
907	7.589568
908	7.798682
909	7.738093
910	7.386975
911	7.245118
912	6.630999
913	7.129669
914	6.937727
915	7.193550
916	7.121490
917	6.995107
918	7.072939
919	7.125347
920	7.019674
921	7.170443
922	6.972273
923	7.298504
924	7.283402
925	7.029769
926	7.020280
927	7.106619
928	6.923190
929	6.882800
930	6.870711
931	6.921970
932	6.964889
933	6.812858
934	7.100097
935	6.862547
936	6.885231
937	6.807126
938	6.805722
939	6.705991
940	7.118701
941	6.621300
942	6.889641
943	6.891348
944	6.966904
945	7.188947
946	6.502410
947	6.366968
948	7.096510
949	6.644982
950	6.506933
951	6.713461
952	6.392370
953	6.516445
954	6.805969
955	6.607718
956	6.520700
957	6.478839
958	6.103866
959	6.399194
960	6.465041
961	6.179267
962	6.371318
963	6.197680
964	6.383377
965	6.681782
966	6.398021
967	6.388241
968	7.029880
969	6.505053
970	6.999204
971	7.519221
972	7.456195
973	7.329586
974	6.026461
975	6.894339
976	5.962566
977	5.488007
978	5.518818
979	4.635693
980	3.198042
981	2.977335
982	1.653995
983	1.171907
984	0.922615
985	1.158198
986	1.020497
987	1.147519
988	1.066962
989	1.175646
990	0.982808
991	0.908756
992	1.178796
993	0.882364
994	1.143203
995	1.023092
996	0.986652
997	0.958360
998	0.874634
999	0.943868
1000	0.997247
1001	1.085462
1002	0.945318
1003	0.962566
1004	1.069415
1005	0.990264
1006	0.912348
1007	1.035347
1008	0.925478
1009	1.077539
1010	0.903466
1011	0.873451
1012	0.840461
1013	0.791693
1014	0.935051
1015	1.147400
1016	0.897280
1017	0.952731
1018	0.996524
1019	1.191014
1020	0.905087
1021	0.968443
1022	0.916407
1023	0.902991
1024	1.130208
1025	0.935653
1026	1.085981
1027	1.080648
1028	0.940854
1029	1.025018
1030	0.896123
1031	0.961365
1032	0.931725
1033	1.151040
1034	1.193652
1035	1.177944
1036	0.884820
1037	0.784700
1038	0.954635
1039	0.869044
1040	1.096687
1041	1.014094
1042	1.057013
1043	1.043047
1044	1.084692
1045	1.206317
1046	1.147165
1047	1.098879
1048	1.272748
1049	0.897147
1050	0.929192
1051	1.084118
1052	1.051619
1053	0.971863
1054	1.007777
1055	1.266849
1056	0.938405
1057	1.030854
1058	1.035180
1059	0.870263
1060	0.979237
1061	0.922895
1062	0.954868
1063	1.024205
1064	1.015791
1065	1.078782
1066	1.129902
1067	1.265262
1068	1.094355
1069	0.922613
1070	1.059698
1071	1.007449
1072	0.934236
1073	0.954188
1074	0.948821
1075	1.081704
1076	1.051553
1077	1.092465
1078	0.840884
1079	1.039834
1080	0.965462
1081	0.934156
1082	1.054724
1083	1.195465
1084	0.915911
1085	1.040719
1086	0.850270
1087	0.990832
1088	0.903619
1089	0.882788
1090	0.997227
1091	0.917500
1092	0.956574
1093	0.938599
1094	0.926720
1095	0.705156
1096	0.883847
1097	1.205693
1098	0.970917
1099	1.040878
1100	0.953335
1101	0.883579
1102	0.941608
1103	1.026779
1104	0.746821
1105	0.910819
1106	1.012856
1107	0.854835
1108	1.011648
1109	1.127482
1110	0.884554
1111	1.150048
1112	0.994404
1113	0.765395
1114	0.970434
1115	1.049850
1116	1.150038
1117	1.054695
1118	0.929836
1119	0.936549
1120	1.084998
1121	0.825770
1122	1.124618
1123	0.962037
1124	1.006594
1125	0.893353
1126	0.967895
1127	0.977055
1128	1.091433
1129	0.917662
1130	0.977902
1131	1.083373
1132	0.973609
1133	1.010548
1134	0.971246
1135	1.014774
1136	0.933786
1137	0.999135
1138	0.999621
1139	0.981870
1140	1.008310
1141	1.152731
1142	0.904738
1143	0.914418
1144	0.955723
1145	0.972624
1146	1.157416
1147	0.883736
1148	0.820608
1149	1.104534
1150	1.333666
1151	0.945966
1152	1.103757
1153	0.926956
1154	0.953558
1155	1.286308
1156	1.042531
1157	1.125901
1158	1.344339
1159	0.988071
1160	1.107013
1161	1.309823
1162	1.551606
1163	1.270420
1164	1.520467
1165	1.452713
1166	1.702392
1167	1.769874
1168	1.660254
1169	1.059638
1170	1.947583
1171	1.309282
1172	1.093177
1173	1.141784
1174	1.163118
1175	1.017672
1176	1.143973
1177	1.226448
1178	1.083565
1179	1.123126
1180	1.072295
1181	1.146918
1182	1.074783
1183	0.909424
1184	1.157880
1185	1.119817
1186	0.888479
1187	0.813717
1188	0.818051
1189	1.052784
1190	0.807767
1191	0.982250
1192	0.882683
1193	0.754444
1194	0.926577
1195	0.849374
1196	0.784673
1197	0.953617
1198	0.885381
1199	1.048040
1200	0.874542
1201	0.940658
1202	1.133747
1203	1.199260
1204	1.130988
1205	1.149738
1206	1.037035
1207	1.139149
1208	1.175776
1209	1.236034
1210	1.402920
1211	1.283592
1212	1.608750
1213	1.289897
1214	1.492055
1215	1.250100
1216	1.323329
1217	1.393631
1218	1.394950
1219	1.317804
1220	1.328305
1221	1.851885
1222	1.494195
1223	1.614566
1224	1.869049
1225	1.467690
1226	1.739516
1227	1.834465
1228	1.742405
1229	2.335203
1230	1.899186
1231	2.233786
1232	1.501992
1233	1.540580
1234	1.546955
1235	2.668207
1236	2.279824
1237	2.221485
1238	2.268959
1239	2.370108
1240	2.038827
1241	2.395257
1242	2.017620
1243	2.395420
1244	2.242690
1245	1.969958
1246	2.296625
1247	2.353717
1248	2.342658
1249	2.478130
1250	2.149798
1251	2.163111
1252	2.215684
1253	2.495105
1254	1.975760
1255	2.238717
1256	1.671258
1257	1.472680
1258	1.616721
1259	1.620593
1260	1.662331
1261	1.573727
1262	1.225041
1263	1.883699
1264	2.047585
1265	1.664495
1266	2.083089
1267	1.663011
1268	1.841883
1269	2.346212
1270	2.366591
1271	1.883818
1272	2.184055
1273	2.545491
1274	2.425543
1275	2.091198
1276	2.262709
1277	2.271629
1278	1.900400
1279	1.690997
1280	1.825764
1281	1.849174
1282	1.927286
1283	1.457773
1284	2.541510
1285	2.100003
1286	2.086810
1287	2.309305
1288	2.402898
1289	1.939705
1290	2.725734
1291	2.367675
1292	2.128571
1293	2.044219
1294	1.920634
1295	1.945316
1296	1.468256
1297	1.811738
1298	1.141641
1299	1.298392
1300	1.263162
1301	1.371392
1302	1.064151
1303	1.150932
1304	1.030778
1305	0.876084
1306	1.115126
1307	1.164908
1308	0.937675
1309	0.949852
1310	0.920651
1311	1.066414
1312	0.882713
1313	1.119724
1314	0.936685
1315	0.819838
1316	1.062667
1317	1.041587
1318	1.073080
1319	0.891890
1320	1.031536
1321	1.086670
1322	0.718768
1323	1.002652
1324	0.913640
1325	0.836762
1326	1.244549
1327	0.778258
1328	0.981498
1329	1.027384
1330	0.952890
1331	0.880736
1332	0.879785
1333	1.033138
1334	0.968768
1335	1.057097
1336	0.956123
1337	1.005319
1338	0.903735
1339	0.920785
1340	0.823771
1341	0.871930
1342	1.025161
1343	1.071313
1344	0.865024
1345	1.028948
1346	0.965049
1347	0.894060
1348	0.928909
1349	0.924126
1350	0.918647
1351	0.850745
1352	0.802589
1353	0.888702
1354	0.850151
1355	1.084486
1356	0.963224
1357	0.773706
1358	0.891986
1359	0.923844
1360	1.046987
1361	0.902261
1362	0.889993
1363	0.975485
1364	0.943221
1365	1.028643
1366	0.812971
1367	0.850864
1368	0.805103
1369	0.958580
1370	0.882368
1371	1.027572
1372	1.091951
1373	0.921119
1374	1.215766
1375	0.943644
1376	1.023229
1377	1.070932
1378	1.007112
1379	0.911915
1380	0.913657
1381	1.023414
1382	0.830133
1383	0.831291
1384	0.909818
1385	0.933125
1386	1.055230
1387	0.870063
1388	0.796066
1389	1.028416
1390	1.013923
1391	0.805174
1392	0.822821
1393	0.878652
1394	1.066469
1395	0.832420
1396	0.900666
1397	0.952200
1398	0.902947
1399	0.942042
1400	0.934694
1401	1.011473
1402	0.902792
1403	1.029614
1404	1.435147
1405	0.883583
1406	0.894657
1407	0.866457
1408	1.033835
1409	0.776564
1410	1.121801
1411	0.874403
1412	0.855224
1413	0.858823
1414	1.020503
1415	0.797202
1416	1.050580
1417	1.121992
1418	0.848899
1419	1.034096
1420	0.945830
1421	1.005114
1422	1.018581
1423	0.752580
1424	0.910427
1425	0.860816
1426	0.906860
1427	0.804747
1428	0.890935
1429	1.036785
1430	0.962407
1431	0.936254
1432	0.828244
1433	0.885987
1434	1.044258
1435	0.947153
1436	0.988678
1437	1.003632
1438	0.940963
1439	0.926732
1440	0.910554
1441	0.951787
1442	1.002323
1443	0.853576
1444	0.908750
1445	0.980049
1446	0.951336
1447	1.073677
1448	1.077990
1449	0.957546
1450	0.972883
1451	1.046266
1452	0.780253
1453	0.918559
1454	0.604219
1455	1.041314
1456	0.927783
1457	1.010080
1458	1.046015
1459	0.937466
1460	0.907186
1461	1.044608
1462	0.893564
1463	0.845728
1464	0.894733
1465	0.858005
1466	0.869231
1467	0.787977
1468	0.876868
1469	1.086967
1470	1.179826
1471	1.167834
1472	1.161353
1473	0.992032
1474	0.783904
1475	1.074309
1476	0.756143
1477	0.981604
1478	0.809078
1479	1.013684
1480	1.072126
1481	1.022974
1482	1.278907
1483	0.883733
1484	0.879387
1485	0.866591
1486	0.933612
1487	0.947338
1488	0.968496
1489	0.828324
1490	1.035829
1491	1.042866
1492	0.968430
1493	0.930259
1494	0.834791
1495	1.011776
1496	0.707200
1497	1.140930
1498	0.760877
1499	0.881729
1500	0.861392
1501	0.839649
1502	0.962637
1503	1.214700
1504	0.960855
1505	0.875836
1506	0.978285
1507	0.810947
1508	1.115611
1509	0.818454
1510	0.961773
1511	0.974346
1512	0.796437
1513	1.017750
1514	0.913968
1515	0.911128
1516	0.896514
1517	1.076146
1518	0.991939
1519	1.123561
1520	1.132088
1521	0.851087
1522	0.969581
1523	0.927426
1524	1.006498
1525	1.066489
1526	1.080729
1527	0.714958
1528	0.926419
1529	0.998200
1530	0.950619
1531	1.063633
1532	1.088395
1533	1.177604
1534	0.965213
1535	1.169947
1536	1.050798
1537	0.793901
1538	0.839532
1539	0.866222
1540	0.890415
1541	1.089146
1542	0.806982
1543	1.038241
1544	1.054155
1545	1.002710
1546	1.194162
1547	0.960427
1548	0.960469
1549	0.862591
1550	0.916722
1551	0.845516
1552	1.077998
1553	1.176242
1554	0.956716
1555	0.943141
1556	0.815724
1557	0.797863
1558	0.830498
1559	0.990169
1560	0.996182
1561	0.889547
1562	1.015885
1563	0.878725
1564	1.186753
1565	1.264887
1566	1.012851
1567	0.782526
1568	1.026206
1569	0.998314
1570	0.895202
1571	0.780106
1572	0.842156
1573	0.746451
1574	0.886215
1575	0.787296
1576	0.982507
1577	1.033466
1578	1.041208
1579	0.945450
1580	1.023219
1581	1.038519
1582	0.968793
1583	0.884394
1584	0.774246
1585	0.892921
1586	0.737063
1587	0.874259
1588	0.919757
1589	1.011227
1590	0.978234
1591	0.742272
1592	0.940888
1593	1.053884
1594	0.895352
1595	1.110877
1596	0.914904
1597	0.992623
1598	0.898736
1599	0.968345
1600	1.112227
1601	0.985122
1602	0.944401
1603	1.037679
1604	0.963423
1605	1.168598
1606	0.833268
1607	0.963656
1608	0.960259
1609	0.753468
1610	1.032624
1611	0.960220
1612	0.934620
1613	0.911132
1614	0.872169
1615	0.826774
1616	1.108700
1617	0.828924
1618	0.975483
1619	0.798843
1620	0.815266
1621	0.851641
1622	0.857227
1623	0.919420
1624	0.918776
1625	0.964329
1626	1.074306
1627	1.045957
1628	1.012668
1629	0.799731
1630	0.810365
1631	1.003354
1632	1.040373
1633	1.395480
1634	1.051816
1635	0.908472
1636	0.793987
1637	1.046386
1638	0.809499
1639	0.788321
1640	0.977293
1641	1.082894
1642	0.984297
1643	0.927761
1644	0.875553
1645	0.994594
1646	1.185369
1647	1.067754
1648	1.096772
1649	0.957112
1650	1.020543
1651	1.043103
1652	1.085143
1653	1.155103
1654	1.124020
1655	1.150435
1656	1.123614
1657	0.849766
1658	0.910594
1659	0.986944
1660	0.880002
1661	0.825629
1662	1.042961
1663	0.922975
1664	0.745202
1665	0.874897
1666	0.817938
1667	0.973370
1668	1.067408
1669	1.089665
1670	0.980742
1671	1.011711
1672	1.097793
1673	1.089070
1674	1.158787
1675	1.067074
1676	0.895174
1677	1.233202
1678	0.906514
1679	1.007812
1680	0.783008
1681	0.996459
1682	0.784996
1683	1.021724
1684	1.077244
1685	1.001973
1686	0.993020
1687	1.009149
1688	0.666586
1689	0.798277
1690	0.965461
1691	0.817990
1692	1.064039
1693	0.879182
1694	0.957716
1695	0.961840
1696	0.904259
1697	0.831139
1698	0.918202
1699	1.025482
1700	0.917481
1701	0.908535
1702	1.074627
1703	0.922794
1704	0.824468
1705	1.069965
1706	1.026468
1707	1.089139
1708	1.131291
1709	1.033218
1710	0.858821
1711	0.972988
1712	0.929367
1713	0.769449
1714	0.902160
1715	0.867122
1716	0.869496
1717	0.870787
1718	0.913241
1719	0.809881
1720	1.095492
1721	0.888228
1722	0.813163
1723	0.824532
1724	0.819303
1725	0.884322
1726	0.994795
1727	0.908822
1728	1.061987
1729	0.929448
1730	0.945260
1731	0.869465
1732	0.983394
1733	0.890348
1734	0.693815
1735	0.905873
1736	0.988519
1737	1.058547
1738	0.958107
1739	1.090618
1740	1.053051
1741	0.867727
1742	0.940907
1743	0.858658
1744	0.984999
1745	0.794784
1746	1.041678
1747	0.972927
1748	0.859382
1749	0.849247
1750	0.816578
1751	0.990493
1752	0.958174
1753	0.857554
1754	1.039888
1755	0.799227
1756	0.954404
1757	0.828999
1758	1.087531
1759	0.978562
1760	0.941991
1761	1.038903
1762	0.780954
1763	0.907558
1764	0.936863
1765	0.812441
1766	0.936645
1767	1.044313
1768	0.951674
1769	1.187134
1770	0.767483
1771	0.963361
1772	0.954661
1773	1.082379
1774	0.835757
1775	1.045047
1776	1.022075
1777	0.829066
1778	0.817438
1779	0.742292
1780	1.041179
1781	0.883671
1782	0.816702
1783	0.855288
1784	1.077966
1785	0.927006
1786	0.864674
1787	0.998109
1788	1.109404
1789	0.922906
1790	0.837849
1791	0.865657
1792	0.853861
1793	1.109030
1794	0.986375
1795	1.251622
1796	1.242631
1797	0.953771
1798	1.107539
1799	0.913704
1800	0.970226
1801	0.827681
1802	0.895281
1803	0.984436
1804	0.950861
1805	0.896834
1806	0.830385
1807	0.858496
1808	1.072739
1809	1.219417
1810	1.020209
1811	1.101334
1812	0.934045
1813	0.732913
1814	0.915422
1815	0.984691
1816	0.942422
1817	1.069211
1818	1.035049
1819	0.873988
1820	1.131561
1821	0.811117
1822	0.997842
1823	0.854736
1824	0.898283
1825	0.786634
1826	1.018359
1827	0.995627
1828	0.873724
1829	0.971583
1830	0.865112
1831	1.078593
1832	0.906175
1833	0.739654
1834	1.055748
1835	0.902488
1836	0.736671
1837	0.865784
1838	0.862458
1839	1.169629
1840	0.960281
1841	0.976614
1842	0.765422
1843	0.825315
1844	0.871049
1845	0.967298
1846	1.030972
1847	1.027636
1848	1.055896
1849	1.062044
1850	0.953303
1851	0.849993
1852	0.771118
1853	0.952218
1854	0.997228
1855	1.075563
1856	0.823082
1857	0.876718
1858	0.927886
1859	0.962664
1860	1.017799
1861	0.869781
1862	0.759250
1863	0.835109
1864	0.808291
1865	0.981637
1866	0.923802
1867	0.877343
1868	1.072583
1869	0.936860
1870	0.847624
1871	1.005875
1872	0.837282
1873	1.052657
1874	1.185970
1875	0.833184
1876	0.913798
1877	1.125618
1878	0.925832
1879	0.965200
1880	0.881602
1881	0.911629
1882	0.916823
1883	1.041991
1884	0.948510
1885	1.232900
1886	1.174462
1887	0.908372
1888	0.763611
1889	0.932366
1890	0.965858
1891	1.020592
1892	0.834720
1893	0.951231
1894	0.990446
1895	0.874961
1896	1.134989
1897	0.884128
1898	0.879715
1899	0.894939
1900	0.876118
1901	0.958604
1902	0.915120
1903	0.876163
1904	1.015211
1905	0.978202
1906	0.882063
1907	0.926913
1908	0.824253
1909	0.926301
1910	1.091331
1911	1.054839
1912	0.802567
1913	0.792027
1914	0.895057
1915	0.861011
1916	0.900257
1917	0.975301
1918	1.153831
1919	0.896214
1920	0.898709
1921	0.990776
1922	0.895135
1923	0.856010
1924	0.788793
1925	1.044893
1926	0.687356
1927	0.918261
1928	0.803459
1929	0.759675
1930	0.967083
1931	0.950867
1932	0.839827
1933	1.105409
1934	0.820506
1935	0.880555
1936	1.144144
1937	0.989703
1938	1.071081
1939	1.003964
1940	0.891543
1941	0.963349
1942	0.902756
1943	0.985580
1944	0.805311
1945	0.987047
1946	0.821481
1947	0.747300
1948	0.779734
1949	0.961392
1950	0.774997
1951	0.803168
1952	0.966326
1953	1.053263
1954	0.914318
1955	1.209950
1956	1.003001
1957	0.963999
1958	0.894546
1959	0.850878
1960	0.972630
1961	0.847531
1962	0.851419
1963	0.848183
1964	0.974139
1965	0.924612
1966	1.051897
1967	0.940360
1968	0.999342
1969	0.964869
1970	0.810944
1971	0.767483
1972	0.869480
1973	0.895127
1974	1.207857
1975	0.877369
1976	0.834950
1977	1.045654
1978	0.798930
1979	1.058899
1980	1.068485
1981	0.997689
1982	1.130166
1983	0.608295
1984	0.723209
1985	0.730837
1986	1.023623
1987	0.849016
1988	0.977879
1989	0.806470
1990	0.695187
1991	1.167421
1992	0.980801
1993	0.907880
1994	0.762955
1995	0.937557
1996	0.727061
1997	0.790330
1998	0.859815
1999	0.893689
2000	0.935884
2001	0.904250
2002	0.866223
2003	0.956783
2004	0.865093
2005	0.876347
2006	0.942186
2007	1.032414
2008	0.912898
2009	0.984979
2010	0.936953
2011	1.133122
2012	0.900435
2013	0.946919
2014	1.071909
2015	0.913039
2016	0.898588
2017	0.816750
2018	0.656983
2019	0.933720
2020	0.857270
2021	1.027680
2022	0.935497
2023	0.848710
2024	0.983134
2025	0.841033
2026	0.879241
2027	0.943018
2028	1.157639
2029	0.971592
2030	0.770915
2031	0.830177
2032	1.084903
2033	0.762552
2034	0.860120
2035	0.859920
2036	0.934785
2037	0.743195
2038	0.962069
2039	0.760567
2040	0.965603
2041	0.835554
2042	1.107298
2043	1.013094
2044	0.983019
2045	0.941224
2046	0.903651
2047	1.004709
2048	0.949029
2049	0.798836
2050	0.930706
2051	1.035045
2052	0.790911
2053	0.760492
2054	1.011099
2055	1.125378
2056	0.927201
2057	0.990923
2058	0.923119
2059	1.073527
2060	0.940907
2061	0.905090
2062	0.856021
2063	0.947501
2064	0.889675
2065	0.909549
2066	0.961861
2067	0.796891
2068	0.735893
2069	0.802439
2070	0.916768
2071	0.969210
2072	0.785132
2073	0.859975
2074	0.988367
2075	1.012640
2076	0.797267
2077	0.939180
2078	1.023415
2079	0.785319
2080	1.067822
2081	1.034300
2082	0.963797
2083	0.882066
2084	1.072749
2085	0.965482
2086	0.928016
2087	0.745494
2088	0.767494
2089	1.085288
2090	1.024382
2091	0.979854
2092	0.898142
2093	0.898452
2094	0.662526
2095	1.019072
2096	0.805999
2097	0.880772
2098	0.878193
2099	1.041127
2100	0.897810
2101	0.890168
2102	0.930928
2103	0.735494
2104	0.748906
2105	0.945937
2106	0.832235
2107	0.932938
2108	1.029595
2109	0.927205
2110	1.073705
2111	0.849821
2112	0.862277
2113	1.021744
2114	0.945526
2115	0.787007
2116	1.119954
2117	0.811388
2118	0.791800
2119	0.905156
2120	0.982197
2121	0.994649
2122	0.793489
2123	0.930181
2124	0.988328
2125	0.906217
2126	0.865387
2127	1.023060
2128	0.910878
2129	0.865827
2130	1.123534
2131	0.941451
2132	0.798563
2133	0.841968
2134	1.013769
2135	0.902630
2136	0.834310
2137	0.867090
2138	1.020260
2139	0.868989
2140	0.850701
2141	0.801200
2142	0.847686
2143	1.007485
2144	0.930067
2145	0.894891
2146	1.023307
2147	0.833752
2148	0.860247
2149	0.890786
2150	0.895410
2151	1.082754
2152	0.967450
2153	1.071775
2154	0.978760
2155	0.926550
2156	0.998477
2157	0.965169
2158	0.901993
2159	1.075956
2160	0.877986
2161	0.788319
2162	0.957151
2163	0.909544
2164	0.900267
2165	0.896581
2166	0.924330
2167	0.936217
2168	0.832387
2169	0.977961
2170	0.896707
2171	0.819264
2172	0.869681
2173	0.859629
2174	1.044375
2175	1.006473
2176	0.939182
2177	0.908665
2178	0.803583
2179	0.806881
2180	0.977937
2181	0.868031
2182	0.916517
2183	0.821800
2184	0.862372
2185	1.105839
2186	0.952928
2187	0.749850
2188	1.015329
2189	0.853168
2190	0.977179
2191	0.911686
2192	1.092058
2193	0.847853
2194	0.893420
2195	0.799797
2196	0.807113
2197	0.956880
2198	0.895541
2199	0.720746
2200	0.988731
2201	1.080194
2202	0.870251
2203	0.955772
2204	1.031027
2205	0.795241
2206	0.933180
2207	1.031959
2208	0.969236
2209	1.014577
2210	0.828919
2211	0.872670
2212	0.827818
2213	0.706791
2214	1.132847
2215	0.813504
2216	1.024097
2217	0.828448
2218	1.166414
2219	0.927508
2220	0.875465
2221	1.101606
2222	1.014097
2223	0.976325
2224	0.769174
2225	0.822339
2226	1.100101
2227	0.868427
2228	0.980029
2229	0.876789
2230	0.847974
2231	0.936036
2232	0.965696
2233	1.012778
2234	0.891177
2235	0.915925
2236	1.079903
2237	0.861214
2238	0.857954
2239	0.895959
2240	0.973751
2241	1.257969
2242	0.679672
2243	1.150530
2244	0.816469
2245	0.969676
2246	0.810136
2247	1.045747
2248	0.992314
2249	1.072049
2250	0.799990
2251	0.877801
2252	0.845650
2253	1.133900
2254	1.020291
2255	0.948599
2256	1.057904
2257	0.747237
2258	1.088973
2259	1.180957
2260	0.829283
2261	0.844393
2262	0.904271
2263	1.163486
2264	0.826963
2265	0.845613
2266	0.852302
2267	0.751451
2268	0.924579
2269	0.967262
2270	0.843166
2271	0.961616
2272	0.944082
2273	0.883311
2274	0.840710
2275	0.800934
2276	1.076074
2277	0.765809
2278	1.042920
2279	1.212736
2280	1.150834
2281	1.002337
2282	0.950325
2283	0.961725
2284	1.039012
2285	0.940062
2286	0.960862
2287	1.157828
2288	0.923735
2289	1.107831
2290	0.981723
2291	1.005317
2292	0.744613
2293	0.894288
2294	0.862125
2295	0.877042
2296	0.950185
2297	0.962044
2298	0.888927
2299	1.103031
2300	0.895497
2301	0.955759
2302	0.915175
2303	1.000256
2304	1.026910
2305	0.975435
2306	0.948379
2307	0.923117
2308	0.776219
2309	0.905059
2310	0.873632
2311	0.940332
2312	0.996341
2313	0.821220
2314	0.735505
2315	1.178309
2316	0.796487
2317	0.717483
2318	0.902686
2319	0.678921
2320	1.077236
2321	0.898629
2322	1.084167
2323	0.989852
2324	0.741104
2325	1.098260
2326	0.956306
2327	0.782650
2328	0.825865
2329	0.868562
2330	0.936598
2331	0.782150
2332	0.830304
2333	0.982279
2334	0.932875
2335	1.004616
2336	1.056493
2337	1.146598
2338	1.025235
2339	0.960136
2340	0.998884
2341	0.834808
2342	1.197711
2343	1.107457
2344	0.740385
2345	0.981962
2346	0.989138
2347	0.843069
2348	0.928843
2349	0.808150
2350	0.921099
2351	0.814967
2352	0.934185
2353	1.070304
2354	0.986514
2355	0.847058
2356	0.787784
2357	0.987438
2358	1.079125
2359	1.255010
2360	0.881531
2361	0.917566
2362	0.719088
2363	0.859976
2364	0.872721
2365	0.949241
2366	0.857081
2367	0.946030
2368	0.955788
2369	0.797317
2370	0.999758
2371	0.867887
2372	1.133560
2373	0.905401
2374	0.868918
2375	0.995304
2376	0.905714
2377	0.986576
2378	0.796376
2379	1.216479
2380	0.816172
2381	0.722240
2382	0.991334
2383	0.788609
2384	0.858988
2385	0.865452
2386	1.023585
2387	0.947128
2388	1.019336
2389	0.972495
2390	0.893891
2391	0.978849
2392	0.893783
2393	0.965746
2394	1.045331
2395	1.192869
2396	0.943868
2397	0.818501
2398	0.969090
2399	0.875909
2400	0.864243
2401	0.860144
2402	0.795396
2403	0.914476
2404	0.917754
2405	0.834493
2406	1.035082
2407	0.918768
2408	1.037245
2409	1.065420
2410	1.003151
2411	1.039812
2412	0.788577
2413	0.809832
2414	0.922451
2415	0.930680
2416	0.937116
2417	0.985200
2418	0.750067
2419	0.825590
2420	0.920619
2421	0.837366
2422	0.886960
2423	0.684817
2424	1.086770
2425	1.024628
2426	1.046311
2427	1.002414
2428	1.004715
2429	0.939696
2430	1.037438
2431	0.937222
2432	0.996513
2433	0.733236
2434	0.905568
2435	1.042510
2436	0.909140
2437	0.784431
2438	0.962979
2439	0.895103
2440	0.965205
2441	0.904656
2442	0.954434
2443	1.022073
2444	1.016689
2445	0.871782
2446	1.107831
2447	0.694131
2448	0.892620
2449	0.797454
2450	0.801547
2451	1.051194
2452	0.888083
2453	0.726586
2454	1.052947
2455	0.908658
2456	0.951837
2457	0.778349
2458	0.853007
2459	0.701099
2460	1.051998
2461	0.973319
2462	0.888271
2463	1.055015
2464	0.940576
2465	0.894098
2466	0.782882
2467	0.655204
2468	0.901312
2469	0.894571
2470	0.827834
2471	0.893387
2472	0.970410
2473	1.094241
2474	0.785458
2475	1.011487
2476	0.829954
2477	0.859761
2478	0.908060
2479	0.900512
2480	1.256714
2481	0.945932
2482	0.896443
2483	1.044960
2484	1.068118
2485	0.795810
2486	0.979268
2487	0.782071
2488	0.912185
2489	0.886142
2490	0.861149
2491	0.897496
2492	0.712425
2493	0.983334
2494	0.821582
2495	1.066607
2496	0.912970
2497	0.965508
2498	0.944297
2499	0.941193
2500	0.874724
2501	1.097328
2502	0.811487
2503	0.837487
2504	0.997416
2505	0.868448
2506	1.050501
2507	0.975612
2508	0.755779
2509	1.010981
2510	0.959260
2511	0.967972
2512	0.912501
2513	0.855438
2514	0.895887
2515	0.947443
2516	0.772354
2517	0.926106
2518	0.942747
2519	0.786322
2520	0.896464
2521	0.747611
2522	1.144976
2523	0.807232
2524	0.971272
2525	0.992375
2526	0.741733
2527	0.727739
2528	0.819158
2529	0.997164
2530	0.968532
2531	0.804183
2532	0.883823
2533	0.836632
2534	1.082848
2535	0.861298
2536	0.848658
2537	0.933518
2538	0.977933
2539	1.006191
2540	0.792091
2541	0.855503
2542	0.880578
2543	1.044263
2544	0.798930
2545	0.982994
2546	0.846346
2547	0.729533
2548	0.953590
2549	0.886329
2550	0.871924
2551	0.693071
2552	0.973565
2553	1.115935
2554	0.903802
2555	0.950815
2556	0.819985
2557	0.695030
2558	0.784898
2559	0.877134
2560	0.821791
2561	0.967640
2562	0.602427
2563	0.902124
2564	0.809752
2565	1.141572
2566	0.785321
2567	0.764795
2568	1.004305
2569	0.884606
2570	0.811937
2571	1.018025
2572	0.811802
2573	0.776710
2574	0.842249
2575	0.864038
2576	0.899366
2577	0.969264
2578	0.858297
2579	0.742959
2580	0.852045
2581	0.866539
2582	0.983326
2583	0.862821
2584	0.817764
2585	1.069502
2586	1.008616
2587	0.788801
2588	0.760517
2589	0.870077
2590	1.006125
2591	0.730699
2592	0.896346
2593	0.863554
2594	0.871197
2595	0.814885
2596	0.881119
2597	0.899966
2598	0.997894
2599	0.985844
2600	1.007849
2601	0.879167
2602	0.883295
2603	0.867568
2604	0.734416
2605	1.024409
2606	0.812469
2607	0.798252
2608	0.820285
2609	0.851307
2610	0.991324
2611	0.871663
2612	0.993729
2613	0.835285
2614	0.779056
2615	0.949589
2616	0.895070
2617	0.853775
2618	0.975993
2619	0.964034
2620	0.895042
2621	0.868365
2622	0.727563
2623	0.833329
2624	0.895084
2625	0.864320
2626	0.903253
2627	0.985277
2628	1.079299
2629	0.984424
2630	0.798316
2631	0.918222
2632	0.731178
2633	0.834673
2634	0.889727
2635	1.017816
2636	0.875999
2637	1.108523
2638	0.922784
2639	1.054423
2640	1.006541
2641	0.973217
2642	0.795082
2643	0.851278
2644	0.853395
2645	1.022231
2646	0.948387
2647	0.977609
2648	0.842499
2649	0.806057
2650	0.946860
2651	0.900063
2652	0.769063
2653	0.952987
2654	0.898262
2655	0.892767
2656	0.841744
2657	0.936849
2658	0.951424
2659	1.079503
2660	0.874774
2661	1.082214
2662	1.149716
2663	0.964796
2664	0.927914
2665	1.111495
2666	0.903088
2667	0.899532
2668	0.825851
2669	1.084686
2670	0.859433
2671	0.981971
2672	0.971048
2673	0.846615
2674	0.943703
2675	0.880144
2676	1.041295
2677	0.943960
2678	0.833505
2679	0.910996
2680	1.091942
2681	1.086984
2682	0.796287
2683	0.953757
2684	1.105047
2685	1.072557
2686	0.929829
2687	1.139781
2688	1.000551
2689	0.808222
2690	0.915901
2691	0.969172
2692	0.843695
2693	1.023762
2694	0.889375
2695	1.145020
2696	0.948568
2697	1.060998
2698	0.990305
2699	1.021577
2700	0.716907
2701	0.877639
2702	0.713844
2703	0.973608
2704	0.735032
2705	0.922083
2706	0.923598
2707	0.880022
2708	0.774086
2709	0.827717
2710	1.120245
2711	0.716186
2712	0.805573
2713	0.920442
2714	0.929876
2715	1.026255
2716	0.709139
2717	1.002429
2718	1.009887
2719	0.864437
2720	0.929395
2721	0.776236
2722	0.883917
2723	0.820230
2724	1.163149
2725	0.654052
2726	0.836490
2727	0.914659
2728	0.938104
2729	0.990176
2730	0.913169
2731	1.138505
2732	0.736284
2733	0.886233
2734	0.858956
2735	0.846205
2736	0.912166
2737	0.940742
2738	0.866278
2739	0.737933
2740	0.956341
2741	1.059380
2742	0.944600
2743	0.997562
2744	0.911399
2745	1.027726
2746	0.914390
2747	0.983681
2748	1.128185
2749	1.057328
2750	1.047660
2751	0.805563
2752	0.953560
2753	1.104117
2754	0.927758
2755	0.922384
2756	0.765581
2757	0.912376
2758	0.800512
2759	0.863899
2760	0.876298
2761	1.085754
2762	0.904967
2763	0.857023
2764	0.824524
2765	0.783583
2766	1.052151
2767	0.904297
2768	0.966366
2769	0.701416
2770	1.059617
2771	0.903010
2772	0.926018
2773	0.874575
2774	0.795936
2775	0.965273
2776	0.855939
2777	0.973005
2778	0.794806
2779	1.113160
2780	0.737144
2781	0.862851
2782	0.982613
2783	0.803131
2784	0.900587
2785	0.892774
2786	0.884363
2787	0.828566
2788	1.040733
2789	0.860187
2790	1.037928
2791	1.117449
2792	0.939050
2793	0.890883
2794	0.857449
2795	0.970898
2796	0.958513
2797	1.005359
2798	1.166792
2799	0.920643
2800	0.826821
2801	0.991780
2802	0.964851
2803	1.334928
2804	0.905461
2805	0.985296
2806	0.839437
2807	0.913109
2808	1.053075
2809	0.792039
2810	0.954923
2811	0.840447
2812	1.111850
2813	0.902838
2814	0.706862
2815	0.863636
2816	1.058690
2817	1.022708
2818	1.026378
2819	0.826600
2820	1.052557
2821	1.036069
2822	1.151564
2823	0.954386
2824	0.960284
2825	0.931184
2826	0.967846
2827	0.988741
2828	0.908276
2829	0.887691
2830	0.985766
2831	0.964198
2832	0.904630
2833	1.102120
2834	0.709761
2835	0.916217
2836	1.113682
2837	0.806244
2838	0.915678
2839	0.878763
2840	1.043438
2841	0.933069
2842	1.052589
2843	1.004338
2844	0.802606
2845	0.859453
2846	0.988063
2847	1.123672
2848	1.021205
2849	1.046894
2850	0.805474
2851	0.714724
2852	0.782556
2853	0.905730
2854	1.044159
2855	0.881230
2856	0.973466
2857	1.138602
2858	0.852527
2859	0.698179
2860	0.755503
2861	0.860088
2862	0.734401
2863	0.684271
2864	0.892083
2865	1.102427
2866	0.980910
2867	0.727891
2868	0.835373
2869	0.859067
2870	0.921184
2871	1.105975
2872	0.909493
2873	1.166704
2874	0.957705
2875	1.004015
2876	0.702352
2877	0.911962
2878	0.666980
2879	0.938651
2880	0.763496
2881	0.808695
2882	1.091464
2883	0.976893
2884	0.803093
2885	0.905292
2886	1.006634
2887	1.134877
2888	1.205668
2889	0.972451
2890	0.996721
2891	0.935225
2892	1.095271
2893	0.747537
2894	0.816119
2895	1.104348
2896	0.962669
2897	0.830777
2898	0.836743
2899	0.803679
2900	0.916247
2901	1.001139
2902	0.830778
2903	0.824981
2904	0.867868
2905	0.748039
2906	1.081837
2907	0.951366
2908	0.951064
2909	0.969680
2910	0.971889
2911	0.839549
2912	0.909927
2913	0.873914
2914	0.749486
2915	1.031815
2916	0.764043
2917	0.949213
2918	0.885513
2919	0.750653
2920	0.860292
2921	1.008938
2922	1.027208
2923	0.837908
2924	0.962722
2925	1.101702
2926	0.820740
2927	1.011120
2928	0.808012
2929	0.817713
2930	0.955241
2931	0.844234
2932	0.920683
2933	1.028225
2934	0.938468
2935	0.863601
2936	0.894014
2937	1.016324
2938	0.617867
2939	0.821005
2940	1.087313
2941	1.241702
2942	1.041615
2943	0.932621
2944	0.937614
2945	0.833407
2946	0.849823
2947	1.017995
2948	0.880140
2949	0.859016
2950	0.875888
2951	0.903039
2952	0.800849
2953	1.145436
2954	0.803513
2955	1.035146
2956	0.875984
2957	0.932959
2958	1.010399
2959	1.052982
2960	0.924256
2961	1.034919
2962	0.928444
2963	0.781843
2964	1.010601
2965	0.807347
2966	0.954568
2967	0.833498
2968	1.029814
2969	0.947939
2970	1.048540
2971	0.968536
2972	0.743834
2973	0.831517
2974	0.950832
2975	0.859303
2976	0.985610
2977	1.021891
2978	1.034727
2979	0.855279
2980	0.937935
2981	0.815624
2982	0.870526
2983	0.849218
2984	1.128150
2985	0.837484
2986	1.038963
2987	0.807431
2988	0.734456
2989	0.924556
2990	0.795745
2991	1.142407
2992	1.082907
2993	1.075257
2994	0.803269
2995	0.941707
2996	0.994146
2997	0.863514
2998	0.821320
2999	0.952881
3000	0.835212
3001	0.859947
3002	0.926970
3003	1.029022
3004	0.966035
3005	0.720747
3006	0.878597
3007	0.997713
3008	1.054647
3009	1.121170
3010	1.077168
3011	0.960075
3012	0.757823
3013	0.994373
3014	0.875804
3015	1.219769
3016	0.971254
3017	0.871746
3018	0.792665
3019	0.826999
3020	0.999234
3021	1.035386
3022	0.811339
3023	0.917922
3024	1.113304
3025	0.743782
3026	0.706935
3027	1.131492
3028	0.846488
3029	0.897658
3030	0.943207
3031	1.002790
3032	1.121266
3033	0.941747
3034	0.877624
3035	0.929092
3036	0.685614
3037	0.976837
3038	0.591025
3039	0.839920
3040	0.880900
3041	0.966821
3042	0.961043
3043	0.898919
3044	1.053021
3045	0.755926
3046	0.911977
3047	0.943326
3048	0.719988
3049	1.056084
3050	0.840045
3051	0.904814
3052	0.986013
3053	1.043660
3054	0.828848
3055	1.085078
3056	0.922140
3057	0.989623
3058	1.067783
3059	0.905925
3060	0.996065
3061	0.797811
3062	1.031995
3063	1.087977
3064	0.917369
3065	1.098600
3066	1.030126
3067	0.855177
3068	0.922405
3069	0.934242
3070	1.199424
3071	0.965360
3072	0.853565
3073	1.130405
3074	0.802893
3075	0.975727
3076	0.799640
3077	0.772611
3078	1.001248
3079	1.023120
3080	1.084774
3081	1.003838
3082	0.918942
3083	1.086191
3084	0.894793
3085	0.634462
3086	0.824927
3087	0.872007
3088	1.026977
3089	0.800082
3090	0.728934
3091	0.923125
3092	0.796216
3093	0.925590
3094	0.906113
3095	0.814060
3096	0.903559
3097	0.909459
3098	0.863566
3099	0.806755
3100	0.790131
3101	1.044193
3102	0.955333
3103	1.031806
3104	0.911081
3105	1.068395
3106	1.091094
3107	0.914938
3108	0.808687
3109	0.995919
3110	0.963573
3111	0.981576
3112	1.223860
3113	0.944213
3114	1.104491
3115	0.943127
3116	0.872990
3117	0.921733
3118	0.943290
3119	0.869640
3120	0.859837
3121	0.864109
3122	0.907776
3123	0.833124
3124	0.815905
3125	0.911169
3126	0.936271
3127	1.133243
3128	0.801073
3129	1.110257
3130	1.014009
3131	1.120455
3132	0.981212
3133	0.820759
3134	0.852638
3135	0.875056
3136	1.074694
3137	0.904984
3138	1.037331
3139	1.011107
3140	0.846556
3141	1.010181
3142	0.782194
3143	1.070882
3144	0.856737
3145	0.825899
3146	0.857292
3147	0.860322
3148	0.833013
3149	0.759057
3150	0.944308
3151	0.810711
3152	0.826533
3153	0.996135
3154	0.975591
3155	0.943344
3156	0.864443
3157	0.821930
3158	0.945087
3159	1.162077
3160	0.982188
3161	0.828609
3162	0.982304
3163	0.723512
3164	0.863701
3165	1.106387
3166	0.692019
3167	1.037993
3168	0.931436
3169	0.954970
3170	1.187491
3171	0.937032
3172	0.764485
3173	0.894113
3174	1.044358
3175	0.801278
3176	0.760777
3177	0.826624
3178	0.865287
3179	0.769364
3180	1.149465
3181	1.118886
3182	0.725723
3183	0.827358
3184	1.128532
3185	0.891090
3186	0.949908
3187	1.021746
3188	1.125998
3189	0.865528
3190	0.897550
3191	0.961100
3192	0.958321
3193	0.648596
3194	0.853478
3195	0.860370
3196	0.808725
3197	1.008896
3198	1.235842
3199	0.960177
3200	0.819395
3201	0.950549
3202	0.884354
3203	0.861569
3204	0.944739
3205	0.816071
3206	0.829972
3207	0.843961
3208	0.753574
3209	0.846806
3210	0.745466
3211	1.097689
3212	1.012545
3213	0.879267
3214	0.739944
3215	1.016930
3216	0.928320
3217	0.895399
3218	1.057988
3219	0.941235
3220	1.058482
3221	0.697450
3222	1.113533
3223	0.799469
3224	0.709676
3225	0.768920
3226	0.892074
3227	0.955251
3228	1.061252
3229	0.806659
3230	1.128017
3231	0.850783
3232	0.969250
3233	0.879262
3234	0.906152
3235	0.819115
3236	0.889672
3237	0.874959
3238	0.926467
3239	0.832191
3240	1.015921
3241	0.830863
3242	0.810836
3243	0.908696
3244	0.964104
3245	0.911071
3246	0.858753
3247	0.953576
3248	0.977235
3249	0.854156
3250	0.930786
3251	0.933132
3252	0.876963
3253	0.827690
3254	0.802638
3255	1.000186
3256	0.835311
3257	0.625010
3258	0.710163
3259	0.911214
3260	0.831611
3261	0.869845
3262	0.959936
3263	1.077033
3264	1.003143
3265	0.747360
3266	0.929042
3267	1.064203
3268	0.905645
3269	0.959107
3270	0.890247
3271	1.112250
3272	0.982164
3273	0.953550
3274	0.822686
3275	0.891268
3276	0.867009
3277	0.865128
3278	0.945685
3279	1.150691
3280	0.837541
3281	0.898653
3282	0.832394
3283	0.876116
3284	0.798197
3285	0.955550
3286	0.826032
3287	0.865102
3288	0.866767
3289	0.747603
3290	0.752270
3291	1.016024
3292	0.766659
3293	1.071652
3294	0.890795
3295	0.839080
3296	1.074333
3297	0.883619
3298	1.026678
3299	0.734785
3300	0.793762
3301	0.844194
3302	0.866931
3303	0.725682
3304	1.044452
3305	1.166450
3306	0.805893
3307	0.865897
3308	1.133157
3309	0.952548
3310	0.884075
3311	0.760839
3312	1.109937
3313	0.962566
3314	0.850833
3315	0.789755
3316	0.824089
3317	0.916925
3318	0.902190
3319	0.872771
3320	0.898904
3321	1.137432
3322	0.816722
3323	1.043015
3324	0.934027
3325	1.033974
3326	0.784076
3327	0.961439
3328	1.048155
3329	0.875151
3330	0.749447
3331	0.885794
3332	1.103513
3333	1.122162
3334	0.919007
3335	0.974645
3336	0.963711
3337	0.926892
3338	0.986286
3339	0.835812
3340	0.846180
3341	1.149112
3342	0.882993
3343	1.091374
3344	1.086060
3345	1.057475
3346	0.826735
3347	1.053601
3348	0.986541
3349	0.908644
3350	1.007526
3351	0.851126
3352	0.930389
3353	0.864731
3354	0.936356
3355	0.828978
3356	0.768207
3357	0.875113
3358	0.853629
3359	0.712770
3360	0.845056
3361	0.877869
3362	0.761839
3363	0.819212
3364	0.949249
3365	1.097490
3366	1.074873
3367	0.896959
3368	0.935554
3369	0.839506
3370	1.033220
3371	0.772257
3372	0.855341
3373	0.923397
3374	0.920911
3375	0.887464
3376	1.116004
3377	0.848927
3378	0.908306
3379	1.089422
3380	1.054260
3381	1.038122
3382	0.858385
3383	0.909160
3384	1.013839
3385	0.921403
3386	0.764274
3387	0.839951
3388	1.042929
3389	0.979402
3390	0.952995
3391	1.063648
3392	0.921723
3393	1.017549
3394	0.999238
3395	0.765765
3396	1.018654
3397	0.832466
3398	0.943906
3399	0.775669
3400	1.076643
3401	0.927058
3402	0.969613
3403	0.982062
3404	0.898668
3405	0.730496
3406	0.912080
3407	0.853112
3408	1.061703
3409	0.768643
3410	0.780692
3411	0.968055
3412	0.846620
3413	0.932003
3414	0.983021
3415	1.007086
3416	0.881655
3417	1.002702
3418	0.974160
3419	0.718706
3420	0.873907
3421	0.769020
3422	0.991789
3423	0.767551
3424	1.081607
3425	0.874387
3426	0.925308
3427	1.040949
3428	1.096723
3429	0.919491
3430	1.133850
3431	0.814449
3432	0.919081
3433	0.912646
3434	0.907888
3435	0.844763
3436	0.848118
3437	0.773234
3438	1.186885
3439	1.002738
3440	1.208269
3441	0.863171
3442	1.001768
3443	0.747667
3444	0.706899
3445	1.054892
3446	0.865810
3447	0.906220
3448	1.015159
3449	0.767671
3450	0.837576
3451	0.780613
3452	0.926034
3453	0.878542
3454	0.706935
3455	0.933958
3456	0.830375
3457	0.982023
3458	1.014918
3459	0.899535
3460	0.963247
3461	0.808610
3462	1.012126
3463	0.849424
3464	0.883253
3465	0.942003
3466	0.928244
3467	0.798962
3468	0.887328
3469	0.994324
3470	0.945540
3471	0.982382
3472	1.014477
3473	0.933914
3474	0.909350
3475	0.715352
3476	1.100490
3477	0.895886
3478	0.968173
3479	0.894188
3480	1.003881
3481	1.231557
3482	1.024275
3483	0.900891
3484	0.775338
3485	0.940294
3486	0.944664
3487	0.825035
3488	0.830485
3489	0.767592
3490	0.875986
3491	0.710712
3492	0.969623
3493	0.935633
3494	0.924241
3495	1.349261
3496	0.916181
3497	1.084897
3498	0.704116
3499	0.874772
3500	0.985718
3501	0.957260
3502	0.911740
3503	0.835566
3504	0.784046
3505	0.810934
3506	0.955488
3507	0.893732
3508	1.102202
3509	0.706687
3510	0.929928
3511	1.102293
3512	0.726888
3513	0.848536
3514	0.814649
3515	0.871896
3516	0.879504
3517	1.092552
3518	1.055386
3519	0.790632
3520	1.010654
3521	0.970005
3522	1.020337
3523	0.887078
3524	0.938076
3525	1.172321
3526	1.028684
3527	0.707715
3528	0.828701
3529	0.844588
3530	0.819295
3531	0.994733
3532	0.842071
3533	0.985224
3534	0.948268
3535	0.943455
3536	0.798700
3537	1.089614
3538	0.913062
3539	0.987282
3540	0.891413
3541	0.856968
3542	1.000388
3543	1.152514
3544	0.823082
3545	0.821535
3546	0.733173
3547	0.899873
3548	0.952260
3549	0.846444
3550	0.717560
3551	1.061993
3552	0.930855
3553	0.977844
3554	0.919767
3555	1.056176
3556	0.882110
3557	0.875733
3558	1.305617
3559	0.896990
3560	0.788585
3561	0.769201
3562	1.020139
3563	0.862097
3564	0.862161
3565	0.931900
3566	0.727192
3567	0.722465
3568	0.850835
3569	0.876300
3570	0.886304
3571	0.886923
3572	1.044853
3573	0.695165
3574	0.827610
3575	0.763345
3576	0.821786
3577	1.139666
3578	0.789937
3579	0.911698
3580	1.130114
3581	1.121181
3582	0.826209
3583	0.890270
3584	0.971014
3585	0.929354
3586	0.983911
3587	0.944232
3588	1.058751
3589	0.966784
3590	1.074782
3591	0.936551
3592	1.029662
3593	0.993973
3594	0.705185
3595	1.115610
3596	0.757941
3597	0.901774
3598	1.058033
3599	0.964248
3600	0.873824
3601	0.954581
3602	0.803228
3603	0.735694
3604	0.929241
3605	0.645323
3606	0.976921
3607	1.088215
3608	0.837619
3609	1.073801
3610	0.838010
3611	0.975555
3612	0.880603
3613	0.837911
3614	0.840953
3615	0.998602
3616	0.980821
3617	0.840143
3618	0.903566
3619	0.979238
3620	0.872858
3621	0.687698
3622	0.962027
3623	1.069755
3624	0.684988
3625	0.885825
3626	0.907059
3627	0.900195
3628	0.971104
3629	0.904542
3630	0.868021
3631	0.850912
3632	0.897968
3633	0.883860
3634	1.004989
3635	0.983584
3636	0.996699
3637	0.890086
3638	0.841960
3639	1.000882
3640	0.862168
3641	1.150739
3642	0.861877
3643	0.785253
3644	1.046361
3645	0.877820
3646	1.101968
3647	0.794761
3648	0.877331
3649	0.857253
3650	0.794314
3651	1.021979
3652	0.888504
3653	0.880960
3654	0.941706
3655	0.877684
3656	0.824917
3657	0.828967
3658	1.041249
3659	1.018135
3660	0.856430
3661	1.109251
3662	0.967459
3663	0.744628
3664	0.988565
3665	0.943891
3666	1.012594
3667	0.795827
3668	0.936054
3669	1.094282
3670	0.811684
3671	1.012232
3672	0.738384
3673	1.067736
3674	0.920467
3675	0.839188
3676	0.837772
3677	0.916723
3678	1.087295
3679	0.896614
3680	0.918962
3681	0.929080
3682	0.922222
3683	0.994620
3684	1.006936
3685	0.846262
3686	0.842593
3687	0.781112
3688	1.043264
3689	0.822823
3690	0.951190
3691	0.976151
3692	0.879120
3693	1.105161
3694	0.964179
3695	0.979235
3696	0.774021
3697	1.111034
3698	0.835963
3699	0.808090
3700	0.885991
3701	0.764090
3702	1.085428
3703	0.766482
3704	0.947193
3705	0.795369
3706	0.736492
3707	1.013075
3708	0.852089
3709	0.892197
3710	0.880105
3711	1.035185
3712	1.063394
3713	0.887475
3714	0.847818
3715	0.763516
3716	0.811350
3717	0.921638
3718	0.728042
3719	0.804600
3720	0.809819
3721	0.779909
3722	0.837666
3723	0.880142
3724	1.031312
3725	0.962968
3726	0.755336
3727	0.844421
3728	0.773185
3729	0.835037
3730	1.139158
3731	0.956091
3732	0.917759
3733	0.947089
3734	0.847408
3735	0.885810
3736	0.678633
